barcode,B/Plasma cells,Endothelial cells,"Fibro1 (EIF4A3, STAR)","Fibro2 (RBP1, DCN)","Fibro3 (RAMP1, CFD)",Fibro4 (CCL2),"Fibro5 (FN1, COL3A1)",Macrophages,Mesothelial cells,Myofibroblasts,T cells,Tumour cells,Cluster-GE
AAACAATCTACTAGCA-1,0.228638401,0.025202744,0.00014518,0.069192821,0.00014518,0.00014518,0.383152778,0.076801076,0.043333762,0.00014518,0.139228869,0.033868829,2
AAACCGGGTAGGTACC-1,0.071250522,0.043905601,0.063817636,0.015742484,0.024975062,7.05E-05,0.066212523,0.038704445,0.046035536,0.007082026,0.086103472,0.536100199,4
AAACCGTTCGTCCAGG-1,0.21386399,0.16453876,9.40E-05,0.000140004,0.016517262,9.40E-05,0.376478004,0.083765352,9.40E-05,9.40E-05,0.039099814,0.105220632,1
AAACCTCATGAAGTTG-1,0.132058552,0.076453538,0.013600867,0.000216478,0.000216478,0.001881043,0.275177895,0.070430115,0.000216478,0.064011536,0.095380989,0.27035603,4
AAACGAAGAACATACC-1,0.481490751,0.024414686,0.022989757,0.008584388,7.86E-05,0.0109778,0.287819529,0.060347517,0.007949953,0.017234408,0.027300686,0.050811878,2
AAACGAGACGGTTGAT-1,0.110514069,0.030672457,4.40E-05,0.000206483,4.40E-05,5.89E-05,0.419628819,0.30680707,4.40E-05,4.40E-05,0.08675923,0.045176978,1
AAACTGCTGGCTCCAA-1,0.327395484,0.067173227,0.000235344,0.000235344,0.000235344,0.025671114,0.244127757,0.139138051,0.039879106,0.000235344,0.057709846,0.09796404,2
AAACTTGCAAACGTAT-1,0.298408616,0.084507913,0.000141454,0.049843654,0.001133948,0.000141454,0.3146241,0.06500935,0.030175996,0.000141454,0.018191605,0.137680456,2
AAAGACCCAAGTCGCG-1,0.185188695,0.036860508,0.0001446,0.0001446,0.0001446,0.0001446,0.278652615,0.133665255,0.062534249,0.037748587,0.094773168,0.169998524,2
AAAGGCTACGGACCAT-1,0.106589308,0.09995992,4.42E-05,0.143916791,0.008207941,4.42E-05,0.109393294,0.479574888,0.005581603,4.42E-05,0.031988384,0.014655372,1
AAAGGCTCTCGCGCCG-1,0.22651367,0.088845019,0.000101397,0.021621234,0.000101397,0.000101397,0.398621278,0.1723959,0.000101397,0.033393666,0.040928476,0.017275168,1
AAAGGGATGTAGCAAG-1,0.186166887,0.115936561,0.024973619,0.008785393,0.000118511,9.57E-05,0.192858538,0.129528798,0.049124982,9.57E-05,0.079816213,0.212499039,1
AAAGGGCAGCTTGAAT-1,0.118971177,0.048411324,6.64E-05,0.000155367,7.86E-05,6.64E-05,0.520801716,0.086229296,6.64E-05,0.010672314,0.091886947,0.122594164,3
AAAGTAGCATTGCTCA-1,0.169802864,0.019949046,9.64E-05,0.000105773,9.64E-05,9.64E-05,0.351698352,0.073551827,0.01505684,9.64E-05,0.033660732,0.335789146,2
AAAGTCACTGATGTAA-1,0.165655323,0.02799078,0.00010365,0.000110948,0.026608048,0.00010365,0.237010456,0.08654528,0.00010365,0.194027399,0.00010365,0.261637166,4
AAAGTCGACCCTCAGT-1,0.273338187,0.123900982,0.000148441,0.000350127,0.014500247,0.016199733,0.262618436,0.051331843,0.000148441,0.000148441,0.03839967,0.218915452,4
AAATACCTATAAGCAT-1,0.133289498,0.006179282,6.66E-05,0.000243899,6.82E-05,9.67E-05,0.496777641,0.204473232,6.79E-05,6.66E-05,0.091529673,0.067140756,1
AAATCGTGTACCACAA-1,0.176115449,0.016254176,6.81E-05,0.000180571,9.44E-05,6.81E-05,0.492555913,0.182282454,6.81E-05,6.81E-05,0.072286906,0.059957747,1
AAATGCTCGTTACGTT-1,0.14859771,0.088156939,0.000153424,0.000153424,0.018605691,0.084346167,0.369233633,0.079924783,0.005019223,0.004005432,0.044671047,0.157132527,2
AAATGGCATGTCTTGT-1,0.211029539,0.053236324,9.75E-05,0.000250913,0.000149725,9.75E-05,0.321719746,0.095565014,0.000100867,0.041590453,0.134753963,0.141408514,2
AAATGGTCAATGTGCC-1,0.264161031,0.048812798,0.079205871,0.029659226,0.000104018,0.000104018,0.275022035,0.138416882,0.000104018,0.000104018,0.074796558,0.089509528,2
AAATTAACGGGTAGCT-1,0.113200178,0.018846842,0.000101445,0.000101445,0.000156026,0.000101445,0.432288573,0.129115488,0.045499239,0.000101445,0.051502419,0.208985457,2
AAATTACCTATCGATG-1,0.223879644,0.026215081,7.04E-05,0.000100458,0.000289882,0.048068754,0.382636943,0.119278104,7.04E-05,7.04E-05,0.065621938,0.133698125,2
AAATTGATAGTCCTTT-1,0.325565304,0.048019957,6.82E-05,0.00201296,6.82E-05,6.82E-05,0.323395558,0.0403978,0.009081247,6.82E-05,0.026379457,0.224874727,2
AAATTTGCGGGTGTGG-1,0.089624548,0.067805365,4.51E-05,0.096866458,0.028872827,0.004874738,0.125429751,0.025524679,0.031397044,0.010880824,0.034784643,0.483894071,4
AACAACTGGTAGTTGC-1,0.165997676,0.034072805,0.000105061,0.000139413,0.000105061,0.000105061,0.595337605,0.080044259,0.000105061,0.000105061,0.056246321,0.067636618,3
AACAATACATTGTCGA-1,0.33173232,0.049764069,0.000220508,0.000220508,0.034735491,0.000220508,0.301862681,0.088201133,0.00359371,0.000220508,0.046141707,0.143086859,2
AACAATTACTCTACGC-1,0.100801888,0.018469534,0.10946035,0.000135962,0.006730689,0.000135962,0.435260994,0.070668007,0.01506343,0.000135962,0.107423117,0.135714107,2
AACACGACTGTACTGA-1,0.399499284,0.09312625,0.000100394,0.000105539,0.000115243,0.000100394,0.27373005,0.077177556,0.000100394,0.018245443,0.051950216,0.085749238,2
AACACGAGACGCGGCC-1,0.277829636,0.074830782,4.72E-05,0.000331591,9.33E-05,4.72E-05,0.375581224,0.046458537,0.000116046,4.72E-05,0.037179591,0.187437694,2
AACACGCGGCCGCGAA-1,0.225567514,0.022158979,5.01E-05,5.01E-05,0.020067492,5.01E-05,0.364096711,0.119685363,5.01E-05,5.01E-05,0.096292095,0.151881236,2
AACAGCTGTGTGGCAA-1,0.190858922,0.02243561,0.000147961,0.03722903,0.002189871,0.000147961,0.339671894,0.073050693,0.018483659,0.000147961,0.07352006,0.242116379,2
AACAGGATGGGCCGCG-1,0.075437573,0.018838765,0.212366539,6.62E-05,0.013455624,6.62E-05,0.082642576,0.060407239,0.040433863,6.62E-05,0.063943351,0.432275949,4
AACCAAGACTTCTCTG-1,0.077108543,0.005162314,0.213358017,9.70E-05,0.044902409,9.70E-05,0.136369203,0.030296886,0.011200641,9.70E-05,0.065401029,0.415909899,4
AACCATGGGATCGCTA-1,0.17750669,0.034568357,0.000100413,0.000100413,0.000100413,0.016360008,0.445596748,0.076688039,0.000100413,0.000100413,0.074518013,0.174260081,2
AACCCAGAGACGGAGA-1,0.192729187,0.076785153,0.000104783,0.032137084,0.000155957,0.000104783,0.295152136,0.085061864,0.000152667,0.009493497,0.076982313,0.231140578,2
AACCCTACTGTCAATA-1,0.268359258,0.004215164,6.91E-05,0.000254448,9.09E-05,6.91E-05,0.319535659,0.225500948,6.91E-05,6.91E-05,0.061489418,0.120277748,1
AACCCTGGTGGAACCA-1,0.169087351,0.028102657,6.59E-05,7.71E-05,0.069269731,0.000179109,0.468023393,0.110034388,0.013560757,6.59E-05,0.039274409,0.102259218,2
AACCGAGCTTGGTCAT-1,0.11311253,0.035044924,9.06E-05,9.79E-05,0.00010416,9.06E-05,0.445782157,0.067382066,0.029708855,9.06E-05,0.099181517,0.209314002,2
AACCGTTGTGTTTGCT-1,0.208954872,0.048695073,9.69E-05,9.69E-05,0.017103217,9.69E-05,0.317394414,0.112892067,0.040540477,9.69E-05,0.112156907,0.141875358,2
AACCTTTAAATACGGT-1,0.118652716,0.040135339,6.34E-05,9.69E-05,0.000120066,6.34E-05,0.27189872,0.168008138,0.023821305,6.34E-05,0.089419853,0.287656817,5
AACGATAATGCCGTAG-1,0.187672119,0.049033071,0.039222522,0.016752276,0.028090952,0.000141261,0.291859486,0.188787004,0.000141261,0.000141261,0.136905838,0.061252948,1
AACGATAGAAGGGCCG-1,0.199214023,0.040903561,0.000136979,0.000136979,0.000136979,0.000136979,0.341914913,0.088734684,0.033612245,0.066725647,0.086028248,0.142318763,2
AACGATATGTCAACTG-1,0.106808003,9.40E-05,9.40E-05,9.40E-05,9.40E-05,9.40E-05,0.431494759,0.099775298,0.000182507,0.002477753,0.084415642,0.274375836,2
AACGCGGTCTCCAGCC-1,0.177350025,0.015053093,0.000135189,0.000137134,0.000135189,0.000135189,0.484243311,0.156912452,0.00308718,0.000135189,0.112510017,0.050166033,3
AACGGCCATCTCCGGT-1,0.248060871,0.031575889,0.063074693,0.000255805,7.50E-05,0.000166942,0.320724987,0.053261042,7.92E-05,0.036209805,0.046635177,0.199880548,2
AACGTACTGTGGGTAC-1,0.156717166,0.067405585,0.143339259,9.82E-05,0.000138286,9.82E-05,0.182176694,0.060170905,0.000125114,9.82E-05,0.034493437,0.355138984,4
AACGTCAGACTAGTGG-1,0.107599101,0.038588941,0.074695115,9.70E-05,0.018980982,0.000114089,0.371461125,0.052936377,9.70E-05,0.002254456,0.097641468,0.235534433,4
AACGTGCGAAAGTCTC-1,0.1220905,6.59E-05,6.59E-05,0.000186432,0.000128919,6.59E-05,0.41059185,0.238279678,0.011153256,0.001300686,0.084551199,0.131519846,1
AACTAGCGTATCGCAC-1,0.363730968,0.037438246,7.08E-05,7.08E-05,0.000110876,7.08E-05,0.28505077,0.077798996,0.012281472,7.08E-05,0.078686766,0.144618694,2
AACTAGGCTTGGGTGT-1,0.174992305,0.022040295,3.21E-05,0.083766487,4.69E-05,3.21E-05,0.328615378,0.341396369,3.21E-05,3.21E-05,0.023060954,0.025952889,1
AACTCAAGTTAATTGC-1,0.245031306,0.033989829,0.000103767,0.000250987,0.000103767,0.000103767,0.473301596,0.091382717,0.000103767,0.00010569,0.03887953,0.116643275,3
AACTCGATGGCGCAGT-1,0.193410007,0.061744604,0.120692777,0.000101691,0.025940174,0.000101691,0.27922202,0.081274476,0.000101691,0.037545362,0.050752245,0.149113263,2
AACTCTCAATAGAGCG-1,0.087963278,0.024475956,6.13E-05,0.000103451,6.69E-05,7.66E-05,0.572805642,0.258567,6.13E-05,6.13E-05,0.048894514,0.006862639,3
AACTCTCAGTGTGCTC-1,0.295783601,0.057324191,7.12E-05,7.12E-05,0.018405236,7.58E-05,0.299319795,0.073326276,7.72E-05,0.000117912,0.043911235,0.2115165,2
AACTGGGTCCCGACGT-1,0.152131908,0.022756809,7.03E-05,0.000135521,8.16E-05,7.03E-05,0.543019005,0.105574001,7.03E-05,0.024159414,0.044863529,0.107067394,3
AACTGGTGTGGGCCTT-1,0.216574224,0.060686256,0.000149565,0.000176998,0.000149565,0.000149565,0.356523158,0.100294306,0.000149565,0.000149565,0.107762552,0.15723468,2
AACTTGCCCGTATGCA-1,0.149502462,0.030696913,0.042817916,0.000396765,9.94E-05,9.94E-05,0.357054357,0.170408372,0.00010253,0.014915881,0.081452984,0.152453025,1
AACTTTAGCTGCTGAG-1,0.244000474,0.051271972,6.81E-05,6.81E-05,6.81E-05,6.81E-05,0.416528443,0.077732328,0.018747843,6.81E-05,0.101786223,0.089592281,2
AAGACCCAACTGAACA-1,0.192181671,0.015754931,6.74E-05,0.086323356,0.000154832,6.74E-05,0.225515472,0.408032142,6.74E-05,6.74E-05,0.03756063,0.034207279,1
AAGACTAACCCGTTGT-1,0.331787046,0.058586784,0.000103617,0.000103617,0.000163652,0.000103617,0.263064832,0.064050817,0.000108857,0.000103617,0.080286814,0.201536731,2
AAGACTGCAAGCTACT-1,0.164211057,6.76E-05,0.001440179,7.91E-05,0.018079814,6.76E-05,0.479052416,0.064983024,0.007829573,0.013292516,0.064148487,0.186748659,3
AAGAGATGAATCGGTA-1,0.158377648,0.000103743,0.000134001,0.000134169,0.000105071,0.000103743,0.563457088,0.076449173,0.000103743,0.000103743,0.080293377,0.120634503,3
AAGAGCTCTTTATCGG-1,0.170991206,0.002771884,9.79E-05,0.000225255,9.79E-05,9.79E-05,0.465785402,0.134101561,9.79E-05,9.79E-05,0.056300287,0.169334987,2
AAGAGGATGTACGCGA-1,0.205468223,0.058143195,0.0001001,0.000147885,0.000273376,0.0001001,0.405354059,0.072167949,0.000119927,0.0001001,0.063734675,0.194290412,2
AAGAGGCATGGATCGC-1,0.168737057,0.008877349,0.000124503,0.000145391,0.000149393,0.000108661,0.442257103,0.235372304,9.93E-05,9.93E-05,0.040508329,0.103521405,1
AAGATGGCACCGGACC-1,0.345875989,0.034297855,0.000163319,0.000176954,0.024057941,0.000163319,0.284846936,0.081728152,0.010406443,0.000163319,0.049778212,0.168341559,2
AAGATTGGCGGAACGT-1,0.38420463,0.031007389,0.00015083,0.106125943,0.00015083,0.00015083,0.197216953,0.112407205,0.01717742,0.012487943,0.057042109,0.081877919,2
AAGCATACTCTCCTGA-1,0.170295362,0.016967549,6.63E-05,0.000182486,7.11E-05,0.0001701,0.574226236,0.152834498,6.63E-05,6.63E-05,0.062020302,0.023033483,3
AAGCGTCCCTCATCGA-1,0.237459285,0.047758265,9.87E-05,0.080654329,9.87E-05,0.016994553,0.2088756,0.070809232,0.003240093,9.87E-05,0.058995514,0.274916906,2
AAGCTAGATCGAGTAA-1,0.285552811,0.066506176,9.99E-05,0.050765857,9.99E-05,9.99E-05,0.287488437,0.180467434,9.99E-05,9.99E-05,0.063539287,0.065180412,1
AAGCTCGTGCCAAGTC-1,0.125947136,0.00665517,6.30E-05,9.06E-05,6.30E-05,0.000216436,0.296992598,0.347852829,0.017190175,6.30E-05,0.135324975,0.069541186,1
AAGGAGAACTTATAAG-1,0.309883187,0.058747595,0.000101531,0.000101531,0.000101531,0.112991205,0.292705797,0.098382097,0.000101531,0.000101531,0.068818045,0.057964417,2
AAGGAGCGGTTGGTGC-1,0.234527055,0.038374029,0.01897148,0.000102647,0.00010358,0.000102647,0.35173642,0.154875086,0.000102647,0.000102647,0.0726824,0.128319361,2
AAGGATGAGGGACCTC-1,0.170325388,0.001114239,0.019722005,0.000144925,0.000144925,0.000144925,0.361454475,0.104481378,0.000181736,0.033439256,0.033631923,0.275214826,2
AAGGCGCGTAAAGCTT-1,0.222823382,0.065943777,0.039907878,0.000162197,0.001328658,0.000162197,0.39053549,0.044357769,0.000162197,0.015354923,0.033437297,0.185824235,2
AAGGCTGTGCTCATCG-1,0.23038256,0.097399048,0.000156623,0.000156623,0.000156623,0.000156623,0.420923353,0.093242824,0.000156623,0.010766411,0.040943175,0.105559511,2
AAGGGACAGATTCTGT-1,0.306206755,0.0139725,0.000141062,0.000141062,0.000162527,0.000141062,0.430819636,0.129372412,0.000141062,0.015164121,0.063098949,0.04063885,2
AAGGGACTATGCATTC-1,0.298515373,0.006429564,0.004829737,0.040795418,0.018353146,0.004628109,0.332324105,0.069031807,0.000138419,0.000138419,0.05240294,0.172412962,2
AAGGTATCCTAATATA-1,0.113335166,0.027186298,0.034806151,0.000289987,9.92E-05,9.92E-05,0.31638868,0.098741184,9.92E-05,9.92E-05,0.093001929,0.315854,2
AAGGTGATAAACCAGC-1,0.154129159,0.034061154,6.50E-05,8.33E-05,6.50E-05,6.50E-05,0.37551124,0.300594752,6.50E-05,6.50E-05,0.110792976,0.024502294,1
AAGTAGAAGACCGGGT-1,0.147941837,0.051552676,9.69E-05,9.69E-05,0.000117334,9.69E-05,0.38615744,0.096478934,0.005498193,0.0034064,0.088285886,0.220270575,5
AAGTAGTGACGCGAGG-1,0.098075177,0.04565014,0.000172186,9.66E-05,9.66E-05,0.000109313,0.790193245,0.033761251,9.66E-05,9.66E-05,0.010347469,0.021304635,3
AAGTGACGACCGAATT-1,0.044840188,0.0081834,0.155011798,6.92E-05,0.046062645,6.92E-05,0.052186521,0.007554566,0.003845296,0.012751445,0.086717805,0.582707899,4
AAGTGCGTTAGAATCT-1,0.222768973,0.135119605,9.13E-05,9.81E-05,0.07007468,9.13E-05,0.287471929,0.051336796,0.003000642,0.005438138,0.03374578,0.190762799,2
AAGTGTTTGGAGACGG-1,0.246248705,0.06405314,0.000104995,0.033488362,0.013769703,0.006723539,0.241104149,0.203373792,0.000104995,0.059411337,0.000121104,0.131496179,1
AAGTTCGGCCAACAGG-1,0.156170286,0.152282574,0.176708197,8.91E-05,0.024594846,8.91E-05,0.11494979,0.033591506,0.000120199,0.012834043,0.029817769,0.298752585,4
AAGTTTACTAATGGCA-1,0.226099355,0.004835759,9.45E-05,0.000121379,9.45E-05,0.000137908,0.339090398,0.118809509,0.000101703,0.06146383,0.09745972,0.151691435,2
AATAACAACGCTCGGC-1,0.187045716,0.020318092,0.113218545,9.45E-05,9.45E-05,9.45E-05,0.139438107,0.079298265,0.015540777,0.009282535,0.083368994,0.352205409,4
AATAACACTAGAACAA-1,0.183484018,0.014181915,9.10E-05,0.054501294,9.10E-05,9.10E-05,0.378839935,0.059907002,0.000123194,9.10E-05,0.075026821,0.233571892,2
AATACAATGTTTCAGG-1,0.103875247,0.015697391,0.000313596,8.18E-05,8.51E-05,7.39E-05,0.659516957,0.069794176,7.44E-05,0.00326401,0.024289389,0.122934079,3
AATAGAACAGAGTGGC-1,0.275274294,0.01118102,0.000154432,0.000154432,0.00016265,0.000154432,0.373769505,0.114541505,0.008208655,0.001125934,0.116671137,0.098602003,2
AATAGAATCTGTTTCA-1,0.159506184,6.81E-05,6.81E-05,7.26E-05,8.37E-05,6.81E-05,0.53472864,0.142349411,6.81E-05,6.81E-05,0.064278121,0.098640738,3
AATAGTCCGTCCCGAC-1,0.18818243,0.016705971,9.49E-05,0.117063597,0.000226961,9.49E-05,0.26851674,0.328754471,9.49E-05,9.49E-05,0.029997246,0.050173114,1
AATATCAAGGTCGGAT-1,0.228167749,6.83E-05,6.83E-05,9.85E-05,0.03310955,6.83E-05,0.331110219,0.080746643,0.023150071,6.83E-05,0.07413401,0.229210266,2
AATATTGGAGTATTGA-1,0.16423065,0.055421504,9.75E-05,0.000111185,9.75E-05,9.75E-05,0.471905646,0.061553485,9.75E-05,0.028268078,0.068349636,0.1497699,3
AATCCAAGGGCCTGAG-1,0.197068786,0.033639036,6.45E-05,6.45E-05,0.000100504,6.45E-05,0.277600424,0.130442213,0.077351528,0.089971433,0.046072353,0.14756018,2
AATCCATGCAAGGGTG-1,0.440904212,0.053420803,0.000101453,0.000104325,0.004522194,0.000101453,0.260583457,0.10472951,0.000101453,0.054683816,0.007836921,0.072910404,2
AATCGCCTCAGCGCCA-1,0.086413075,0.012550407,7.73E-05,9.50E-05,0.000100103,6.13E-05,0.344719568,0.103669111,0.031134945,6.13E-05,0.136935564,0.284182358,4
AATCGGGACACTACGA-1,0.192063239,0.006027075,0.067671507,0.009488555,4.56E-05,0.000117366,0.342213051,0.152014655,0.043628827,4.56E-05,0.124336099,0.062348338,2
AATCTGCGTTGGGACG-1,0.160680315,0.078860813,9.63E-05,9.63E-05,9.63E-05,9.63E-05,0.409474452,0.181152578,9.63E-05,0.032522591,0.045454939,0.091372584,5
AATGACAGCAATGTCT-1,0.095116593,0.046417211,0.090033966,0.003158701,0.016701129,9.96E-05,0.244795273,0.101233674,0.010862942,0.000998537,0.090419214,0.300163136,4
AATGACGTAGGATGTC-1,0.205362625,0.027562967,0.000138296,0.000138296,0.039388239,0.000138296,0.332019811,0.160649282,0.000138296,0.000138296,0.131049486,0.10327611,1
AATGACTGTCAGCCGG-1,0.124816115,0.032195113,0.05454943,0.000100491,0.001212174,0.000100491,0.344298922,0.07750235,0.017387464,0.023305477,0.040888518,0.283643456,4
AATGATGATACGCTAT-1,0.239919282,0.070846269,0.000135464,0.000135464,0.00014518,0.025558675,0.312919291,0.109076508,0.000138954,0.057530572,0.000135464,0.183458879,2
AATGCAACCGGGTACC-1,0.168607475,0.273558174,6.68E-05,6.68E-05,0.020055765,0.041634899,0.170015386,0.121198752,6.68E-05,6.68E-05,0.172852312,0.031809986,1
AATGGTTCTCACAAGC-1,0.186641745,0.118158054,0.000151355,0.000151355,0.000151355,0.000151355,0.409087227,0.110332703,0.000151355,0.005282966,0.012021318,0.157719215,2
AATGTGCCCGAGGTGT-1,0.232451239,0.007162112,0.000103115,0.014631989,0.004716285,0.000103115,0.357720463,0.157850628,0.002546925,0.000103115,0.086089665,0.136521349,2
AATTAAAGGTCGGCGT-1,0.374941341,0.075224102,0.000140665,0.000140665,0.000140665,0.0578612,0.25450185,0.088455877,0.008589815,0.000140665,0.079887991,0.059975163,2
AATTAACGGATTTCCA-1,0.138333279,0.000960597,6.67E-05,0.039676316,0.052049249,6.67E-05,0.281322533,0.426395039,6.67E-05,6.67E-05,0.041552536,0.019443683,1
AATTAGCGCTGCAGCG-1,0.145346108,0.043469255,6.63E-05,0.071154049,6.63E-05,6.63E-05,0.215298073,0.442541644,0.008177054,6.63E-05,0.01995877,0.053789696,1
AATTCATAAGGGATCT-1,0.222122399,0.044922496,9.63E-05,0.000130748,9.63E-05,9.63E-05,0.241360837,0.101259754,0.101609874,0.094247762,0.064514748,0.129542594,2
AATTCTAGAGTTAGGC-1,0.135357623,0.019161676,6.05E-05,0.010215802,6.50E-05,4.55E-05,0.488901264,0.260692962,4.55E-05,4.55E-05,0.033966833,0.051441828,1
AATTGAACGCTCTGGT-1,0.190283619,0.054990472,9.83E-05,0.000103851,0.000118354,9.83E-05,0.343185969,0.140789244,9.83E-05,9.83E-05,0.10746457,0.162670576,2
AATTTGGTTCCAAAGA-1,0.246836051,0.04881744,4.36E-05,0.029895795,5.90E-05,4.36E-05,0.312731479,0.072210112,0.03456905,0.111444553,0.070209879,0.073139419,2
ACAAATCGCACCGAAT-1,0.266488607,0.010214715,6.36E-05,0.040110262,0.032675958,6.43E-05,0.273992331,0.173880151,0.03097551,0.03541352,0.032741986,0.103379007,1
ACAAATGGTAGTGTTT-1,0.167216722,0.004944858,0.000105281,0.073802042,0.000105281,0.000105281,0.296709288,0.157024903,0.000105281,0.000105281,0.140526641,0.159249143,2
ACAACAGCATGAGCTA-1,0.084707969,0.034108392,0.144351887,9.37E-05,0.000103753,9.37E-05,0.16992072,0.054202036,0.030371082,9.37E-05,0.074146617,0.407806561,4
ACAACGGTCCCTGCGA-1,0.1527379,0.063478351,9.79E-05,9.73E-05,0.000112714,9.73E-05,0.626317219,0.063096829,9.73E-05,9.73E-05,0.046605166,0.047164579,3
ACAAGCAGTGCCTAGC-1,0.155337264,0.008384537,0.008132832,0.000100349,0.000100349,0.000100349,0.64877551,0.072691884,0.000100349,0.000100349,0.020596524,0.085579703,3
ACAAGGAAATCCGCCC-1,0.212146128,0.002665434,6.57E-05,0.13995837,6.57E-05,6.57E-05,0.257349628,0.318479923,6.57E-05,6.57E-05,0.05539599,0.013676089,1
ACAAGGACAAGAGGTT-1,0.087128238,0.017661033,0.037078584,0.045489885,0.0419665,9.42E-05,0.313519434,0.073046582,9.42E-05,9.42E-05,0.073836398,0.309990859,4
ACAAGGGCAGGCTCTG-1,0.141898758,0.019746,9.45E-05,0.037035267,0.120034474,9.45E-05,0.210360098,0.142656653,0.000108604,9.45E-05,0.067579567,0.260297059,1
ACAATAGTCGTACGTT-1,0.211406133,0.066525842,9.90E-05,0.053040402,9.90E-05,9.90E-05,0.282125518,0.064382114,0.000117159,9.90E-05,0.052538832,0.269468044,2
ACAATCCATTTAAACC-1,0.072845108,0.0614021,0.055749617,0.003215594,0.00743621,6.95E-05,0.099124873,0.041824501,0.026683894,0.034003642,0.080059353,0.517585641,4
ACAATGAATACGGAGA-1,0.159783969,0.047266799,9.88E-05,9.88E-05,0.028401395,9.88E-05,0.346841546,0.145412571,9.88E-05,9.88E-05,0.047118597,0.22468106,2
ACAATTTGAGCAGTGG-1,0.168819676,0.027567554,0.000104743,0.000104624,0.000142185,9.83E-05,0.411137685,0.08983612,0.005036608,9.83E-05,0.072934552,0.224119645,2
ACACAAAGACGGGTGG-1,0.146577866,0.04571318,6.87E-05,6.87E-05,0.022299725,6.87E-05,0.35295208,0.053889583,0.035749515,6.87E-05,0.085471203,0.257072117,4
ACACACCAGGACCAGT-1,0.121497101,0.025668391,6.35E-05,0.000103427,6.35E-05,6.35E-05,0.418275108,0.294416288,6.35E-05,6.35E-05,0.079764156,0.059957833,1
ACACCCAGCATGCAGC-1,0.066174869,0.023779061,0.080421543,0.000102947,0.029840729,0.000102947,0.310195455,0.070569857,0.000123987,0.000102947,0.062113681,0.356471976,4
ACACCCGAGAAATCCG-1,0.177120322,0.085613471,0.000107624,0.000150594,0.000107624,0.000107624,0.437042594,0.081589747,0.000107624,0.018648556,0.047180133,0.152224089,2
ACACCTTAAGTAGGGC-1,0.123945026,0.054352241,0.027877824,6.65E-05,0.005727463,6.65E-05,0.4733618,0.060078169,0.012508614,6.65E-05,0.042788611,0.199160785,3
ACACGAGACTCCTTCT-1,0.086995759,0.039541006,0.16198627,6.65E-05,0.004853612,6.65E-05,0.164293797,0.052850821,0.029102165,6.65E-05,0.056729466,0.403447534,4
ACACGGCACTATGCAT-1,0.41078561,0.049165731,0.000102545,0.032053897,0.010434576,0.000102545,0.273762356,0.118070739,0.003398777,0.000102545,0.029951111,0.072069568,2
ACACGGGAACTTAGGG-1,0.07847299,0.033730157,0.029747843,9.58E-05,0.002057721,4.75E-05,0.271901708,0.056339914,0.000168858,4.75E-05,0.0702235,0.457166534,4
ACACTGATCAAGGTGT-1,0.228770812,0.019616551,0.086203289,0.000182867,0.000135059,0.000104138,0.34260741,0.114403829,0.000104138,0.000104138,0.064969654,0.142798117,1
ACAGAACTGAGAACAA-1,0.138808676,0.051030153,6.33E-05,6.33E-05,8.78E-05,6.33E-05,0.287736731,0.033895607,0.026009468,7.01E-05,0.069613685,0.392557716,4
ACAGATTAGGTTAGTG-1,0.345231814,0.000149836,0.000149836,0.000149836,0.044678818,0.000149836,0.141925882,0.159292765,0.019774177,0.000149836,0.234416074,0.053931287,2
ACAGCATAGAGCCAGT-1,0.207275595,0.014680774,0.00010534,0.000162335,0.003355918,0.000100715,0.186247962,0.227237725,0.000100715,0.000100715,0.328017932,0.032614273,2
ACAGGTGGAGGTGAGG-1,0.21285816,0.116223537,4.53E-05,0.000262029,0.012447947,4.53E-05,0.34466725,0.074523113,4.53E-05,0.052301329,0.039982091,0.146598659,2
ACATAATAAGGCGGTG-1,0.185859174,0.00392516,0.00010238,0.00010238,0.00010238,0.00010238,0.558259165,0.120039747,0.00010238,0.00010238,0.06477317,0.066529304,3
ACATCCCGGCCATACG-1,0.132023722,0.006857712,6.95E-05,0.035964798,7.66E-05,6.95E-05,0.543122961,0.19765156,6.95E-05,6.95E-05,0.003470936,0.08055394,1
ACATCGATCGTTTACC-1,0.205819773,0.039423982,0.000104038,0.000108087,0.000104038,0.000104038,0.451642365,0.124232534,0.000104038,0.003333216,0.027513046,0.147510844,2
ACATCGGTCAGCCGCG-1,0.06723901,0.0290702,0.075837269,7.37E-05,9.27E-05,7.37E-05,0.180256205,0.037668539,0.087514392,7.37E-05,0.095467365,0.426633191,4
ACATCGTATGCAATGG-1,0.204104803,0.030992544,0.000103003,0.026645159,0.000103003,0.000103003,0.356095873,0.156745862,0.000103003,0.000103003,0.092373058,0.132527686,1
ACATTAGTTTATATCC-1,0.09262632,0.119297143,4.35E-05,0.09070919,0.020371544,4.35E-05,0.197916677,0.429630554,4.35E-05,4.35E-05,0.013019034,0.036255451,1
ACCAACGCTTATTTAT-1,0.252218543,0.045806854,0.000154879,0.000154879,0.000154879,0.000154879,0.339892996,0.114267796,0.000154879,0.000154879,0.068362538,0.178522001,2
ACCAAGAACGCGTGTC-1,0.18396316,0.020685392,0.000100248,0.000154044,0.000100248,0.000100248,0.454124298,0.080157489,0.020788025,0.000109249,0.03847735,0.20124025,2
ACCACAAGTTTCTATC-1,0.445323093,0.091242339,0.000159999,0.025635745,0.00208898,0.000159999,0.186156618,0.069198017,0.000159999,0.006298241,0.119897402,0.053679568,2
ACCACGTGCAGCTATA-1,0.208915316,0.040842627,4.62E-05,0.066679198,4.62E-05,0.020801973,0.285060879,0.230264727,4.62E-05,4.62E-05,0.066063364,0.081186931,1
ACCAGGAGTGTGATCT-1,0.314440691,0.031403037,0.000148307,0.000148307,0.015840583,0.000148307,0.284175674,0.122957916,0.077491993,0.000148307,0.074175934,0.078920946,2
ACCATATCCGCAATAA-1,0.487465463,0.047505891,0.00010057,0.007923137,0.00010057,0.00010057,0.222800609,0.089138557,0.00010057,0.00010057,0.087452658,0.057210834,2
ACCATCGTATATGGTA-1,0.149955199,9.78E-05,9.78E-05,9.78E-05,0.015541634,0.000140629,0.571908496,0.061453651,9.78E-05,9.78E-05,0.029362065,0.171149399,3
ACCCAACGCCCGTGGC-1,0.248221943,0.059014813,4.59E-05,7.00E-05,7.67E-05,0.007815317,0.372075894,0.106561116,4.73E-05,4.59E-05,0.065412752,0.140612442,2
ACCCACCTACATGCTC-1,0.152548838,0.095486975,0.015722485,9.87E-05,0.033071004,9.87E-05,0.398765476,0.061093032,9.87E-05,0.086955135,0.038316877,0.117744218,2
ACCCATCTTGAGGGTA-1,0.117390456,0.009415038,0.000100071,0.000103623,0.000123767,0.000100071,0.673510305,0.064930758,0.000100071,0.000119787,0.045678979,0.088427073,3
ACCCGAGCGAAATTAC-1,0.206795646,0.046867131,9.94E-05,0.029332903,0.062575387,9.94E-05,0.255918425,0.049038668,0.019032047,9.94E-05,0.057355257,0.272786401,2
ACCCGGAAACTCCCAG-1,0.167910866,0.028022433,6.68E-05,0.092136759,6.68E-05,6.68E-05,0.318623176,0.310963055,0.002374164,6.68E-05,0.040078519,0.039623905,1
ACCCGGTTACACTTCC-1,0.128593377,0.010493341,0.080516317,0.000183776,0.000114571,9.91E-05,0.334690012,0.137523789,9.46E-05,0.023434096,0.07648196,0.207775096,1
ACCCGTGTCATCAGTA-1,0.133558322,0.254816333,9.22E-05,0.010749466,9.22E-05,0.044672243,0.302829712,0.125673654,9.22E-05,9.22E-05,0.052202597,0.075128913,1
ACCCTATGCCATATCG-1,0.300245261,0.007286368,7.19E-05,7.19E-05,0.081631289,7.19E-05,0.172188278,0.048152241,0.018705125,0.029444769,0.045735472,0.296395453,4
ACCCTCCCTTGCTATT-1,0.224331969,6.55E-05,6.55E-05,0.043658193,6.55E-05,0.006363367,0.2984012,0.201192076,6.55E-05,6.55E-05,0.066723918,0.159001872,1
ACCGAAAGGGCCCTGC-1,0.16990559,0.036414654,6.88E-05,0.053434152,7.84E-05,6.88E-05,0.370373313,0.096360913,6.88E-05,6.88E-05,0.101238873,0.171919097,2
ACCGACTGAGTCCCAC-1,0.081590979,0.034875546,0.000100402,0.000100402,0.040293227,0.000100402,0.483173546,0.092226897,0.000100402,0.027755898,0.052249687,0.187432612,5
ACCGATGGTAGCATCG-1,0.164171501,0.031312003,6.52E-05,0.00026141,6.73E-05,6.52E-05,0.402110588,0.31679817,6.52E-05,6.74E-05,0.065566108,0.019450032,1
ACCGCAATAACTGCCT-1,0.25000803,0.048953094,8.65E-05,0.055136687,8.65E-05,8.65E-05,0.275808337,0.142874626,8.65E-05,8.65E-05,0.072237305,0.154549342,1
ACCGTGACCACGTGGG-1,0.256544355,0.010686454,7.45E-05,8.46E-05,0.000181154,7.45E-05,0.302926752,0.098374366,8.21E-05,7.45E-05,0.095084698,0.235812158,2
ACCGTTCCCGCTCTGA-1,0.196260359,0.019716948,9.89E-05,9.93E-05,9.89E-05,0.091124014,0.402686898,0.088179921,0.060099709,0.049980488,0.065185069,0.02646952,2
ACCTAAGTACCTTTCA-1,0.214607787,0.055803425,9.24E-05,0.009491938,0.100273203,9.24E-05,0.29777844,0.078611669,9.24E-05,9.24E-05,0.03744161,0.205622339,2
ACCTAATCGACTTCCT-1,0.088464765,0.018698063,9.50E-05,8.93E-05,0.000136597,6.89E-05,0.769886662,0.051721127,6.89E-05,0.000117352,0.021152318,0.049501048,3
ACCTGCGTGTCATGTT-1,0.290969668,0.124701765,0.044959068,0.03032582,0.000100002,9.73E-05,0.235789332,0.053998926,0.026293002,9.73E-05,0.037172566,0.155495344,2
ACGAAATGGGCGGCAC-1,0.09809598,0.047938615,9.57E-05,0.000104522,9.57E-05,9.57E-05,0.622451723,0.063430683,9.57E-05,0.023631343,0.01578568,0.128178571,3
ACGAGAACCCATCACG-1,0.235310881,0.043999096,0.000141777,0.000141777,0.000141777,0.011829366,0.410497875,0.090953535,0.000172087,0.000141777,0.077554379,0.129115676,2
ACGATACATAGAACTA-1,0.200203986,0.013960087,0.022510447,6.79E-05,0.000110552,6.86E-05,0.412090346,0.084644836,0.016956443,0.029428461,0.022085986,0.197872441,2
ACGATCATACATAGAG-1,0.219671171,0.045117779,9.77E-05,0.000147658,0.006387597,9.77E-05,0.359762526,0.228282267,0.000547311,9.77E-05,0.092181264,0.047609209,1
ACGATGCATATGTTAT-1,0.388165425,0.028741355,0.000110777,0.027965376,0.000110777,0.009697657,0.304353297,0.082049464,0.000110777,0.000110777,0.105840476,0.052743843,2
ACGATGGATCCGATGC-1,0.20822865,0.111625338,0.000136801,0.003307848,0.000136801,0.000136801,0.324200261,0.101598823,0.000136801,0.041194506,0.038584144,0.170713225,2
ACGCAAACTAATAGAT-1,0.183037284,0.028625268,7.17E-05,0.000128818,0.00593474,7.17E-05,0.279637397,0.427350235,7.17E-05,7.17E-05,0.026359067,0.048640358,1
ACGCATTCGTGAGTAC-1,0.06687353,0.057470886,6.45E-05,8.05E-05,6.45E-05,0.000170459,0.373145882,0.24570821,6.45E-05,6.45E-05,0.05400063,0.202291747,5
ACGCCAGATGATTTCT-1,0.194509554,0.076599108,7.00E-05,9.54E-05,0.031378979,7.00E-05,0.391688143,0.089621307,7.00E-05,0.002650408,0.088429553,0.124817727,2
ACGCCGCTAGACGACC-1,0.261707631,0.031403102,6.99E-05,0.000260804,6.99E-05,6.99E-05,0.374640941,0.180957754,0.00428683,6.99E-05,0.073615681,0.072847676,1
ACGCGAAGTCAGACGA-1,0.120592378,4.67E-05,4.67E-05,0.022368826,0.032724741,4.67E-05,0.384382589,0.352477512,0.029954867,4.67E-05,0.032377067,0.024935391,1
ACGCGCTACACAGGGT-1,0.068781641,0.047023086,7.03E-05,0.089063566,0.030762968,7.03E-05,0.12898139,0.033202539,0.000129913,7.03E-05,0.12229416,0.479549981,4
ACGCGGGCCAAGGACA-1,0.121736464,0.024512534,6.56E-05,0.017503298,6.56E-05,0.008345361,0.350618826,0.243366681,0.001306976,0.019357782,0.071217633,0.141903321,1
ACGCTGTGAGGCGTAG-1,0.162312183,0.02728818,0.027534682,0.143823525,0.000100799,0.000100799,0.27559738,0.043707438,0.032734671,0.001571365,0.073611214,0.211617764,2
ACGGAATTTAGCAAAT-1,0.192798671,0.040426978,0.00010383,0.00010383,0.00010383,0.00010383,0.372158695,0.093827248,0.031892913,0.012654417,0.074564268,0.18126149,2
ACGGCACTTGCTTGGG-1,0.115777891,6.41E-05,6.41E-05,0.12905244,0.000105352,6.41E-05,0.229589212,0.413291636,6.41E-05,6.41E-05,0.033742498,0.078120602,1
ACGGCCAACATGGACT-1,0.170031737,0.013349455,0.000101548,0.061285006,0.000101548,0.000101548,0.260321916,0.097732246,0.049215404,0.000101548,0.074357522,0.273300521,4
ACGGCGACGATGGGAA-1,0.217937127,0.027059487,9.64E-05,0.031395643,9.64E-05,9.64E-05,0.294504395,0.287518045,9.64E-05,9.64E-05,0.072916401,0.068186699,1
ACGGCGGGTTGCCCTG-1,0.350659134,0.005029299,7.60E-05,7.60E-05,7.60E-05,7.60E-05,0.273875413,0.089148276,0.006145427,0.00756356,0.148711555,0.118563354,2
ACGGGAGTGTCGGCCC-1,0.198967275,0.124216232,4.73E-05,6.40E-05,0.021864486,4.73E-05,0.285812735,0.04901407,6.55E-05,0.048016779,0.032718315,0.239166086,2
ACGTACAGATTTCTCT-1,0.209761584,0.141734415,8.73E-05,8.73E-05,0.007000451,8.73E-05,0.31328793,0.060551136,0.011061559,0.175872578,0.032038782,0.048429613,2
ACGTAGATTGCTGATG-1,0.28672904,0.075506281,0.076515767,0.000328064,0.000144166,0.000152781,0.25771775,0.138975602,0.005450197,0.000144166,0.111215982,0.047120204,2
ACGTGCGCCTCGTGCA-1,0.20595605,0.016774898,0.000149603,0.000149603,0.000149603,0.000173258,0.378530537,0.143717807,0.000149603,0.049750476,0.039490988,0.165007576,2
ACGTTAATGTCGAAGA-1,0.204239698,0.008147737,9.18E-05,0.000228675,9.18E-05,9.18E-05,0.339357133,0.238857742,0.009972689,9.18E-05,0.109304989,0.089524086,1
ACGTTAGATTTGCCCG-1,0.141177592,0.048043609,6.86E-05,6.86E-05,0.000188229,0.037778464,0.556885354,0.069036857,6.86E-05,6.86E-05,0.048389743,0.098225573,3
ACGTTCCGCGCTCCGT-1,0.144817456,0.059703094,0.000100851,0.000100851,0.030026976,0.013298844,0.266406761,0.059101804,0.000221403,0.028081282,0.113198233,0.284942444,4
ACGTTCGTTCAGGAAA-1,0.125727903,9.70E-05,9.70E-05,0.004634092,9.70E-05,9.70E-05,0.270811886,0.145253374,0.038616674,9.70E-05,0.166267767,0.248203286,2
ACTACCAGCTCTCTGG-1,0.132964913,0.023882117,0.000153935,0.000206979,0.000128785,0.000100188,0.606110297,0.071120105,0.000100188,0.000100188,0.063637966,0.101494339,3
ACTACGCGTTAGAATT-1,0.163945616,0.000109931,4.36E-05,0.091444918,4.36E-05,4.36E-05,0.205794174,0.436450335,4.36E-05,4.36E-05,0.04631666,0.055720562,1
ACTATTCGTCCGTGGT-1,0.177309255,0.033436544,6.71E-05,7.68E-05,0.000372038,6.71E-05,0.373891563,0.098162909,0.03749261,0.067228202,0.057888761,0.154007006,2
ACTATTTCCGGGCCCA-1,0.278515749,0.040316573,7.37E-05,7.37E-05,0.033565661,7.37E-05,0.283355602,0.104865702,0.000103138,7.37E-05,0.063242668,0.195739915,2
ACTCAACGAATGTATT-1,0.232747704,0.030447095,6.69E-05,0.000186892,0.00011375,6.69E-05,0.384312463,0.077168178,8.81E-05,6.69E-05,0.113475735,0.161259295,2
ACTCAATAAAGGCACG-1,0.134110816,0.056522958,9.41E-05,9.41E-05,0.015391897,0.025144916,0.237029085,0.088701842,0.0455974,9.41E-05,0.104969573,0.2922491,4
ACTCAGACCTGCTTCT-1,0.197398269,0.054388111,6.56E-05,7.16E-05,6.56E-05,0.030564695,0.326560971,0.066469917,0.080948836,0.015244367,0.071812286,0.156409635,2
ACTCCCTAATGCTAAA-1,0.156635986,0.046411176,6.48E-05,0.102555229,7.86E-05,0.008141463,0.248983043,0.322229009,6.48E-05,6.48E-05,0.060893372,0.053877685,1
ACTCCCTAGAATAGTA-1,0.207545015,0.034286791,6.56E-05,0.00014841,6.56E-05,0.000150569,0.424426195,0.140554421,0.019030882,6.56E-05,0.048939515,0.124721538,1
ACTCGTAACCCGTCCT-1,0.158029196,0.066278219,6.88E-05,0.000159526,0.031154042,6.88E-05,0.216782252,0.039401413,0.0002175,0.004324856,0.09264039,0.390875061,4
ACTCGTCAGTAATCCC-1,0.199151996,0.005319826,0.000108648,0.000112029,0.000108648,0.000108648,0.401909476,0.252815758,0.000108648,0.000108648,0.060620314,0.079527363,1
ACTCTCTGACTTAGGT-1,0.192263937,0.037345534,6.76E-05,0.009561418,6.76E-05,6.76E-05,0.396433272,0.236296074,6.76E-05,6.76E-05,0.068328351,0.059433454,1
ACTCTTGTATAGTAAC-1,0.174209545,0.023383861,9.57E-05,0.000196824,0.000102632,0.00016496,0.334540644,0.165489652,0.011661041,9.57E-05,0.069441052,0.220618312,2
ACTGAATGGCGAAAGT-1,0.271988621,0.016373983,6.79E-05,0.031436019,0.000181207,6.79E-05,0.32267777,0.172476349,6.79E-05,6.79E-05,0.046772634,0.137821799,1
ACTGCCGTCGTAACTC-1,0.198685424,0.010449645,9.69E-05,0.000102075,0.059338814,9.69E-05,0.242463656,0.197717438,0.05766135,9.69E-05,0.120824321,0.112466647,2
ACTGTACGATACACAT-1,0.322995952,4.53E-05,0.000227418,4.53E-05,4.53E-05,4.53E-05,0.447674894,0.063634077,0.03718506,4.53E-05,0.051335485,0.076720368,3
ACTGTAGCACTTTGGA-1,0.233397184,0.003991162,0.000181053,9.99E-05,9.92E-05,0.000103673,0.517549405,0.065277872,9.81E-05,9.81E-05,0.095261904,0.083842522,3
ACTGTATACGCGAGCA-1,0.202013838,0.02186945,0.000145404,0.000145404,0.000145404,0.000145404,0.389627869,0.12099845,0.017830356,0.000145404,0.075512142,0.171420876,2
ACTGTCCAGGATTATA-1,0.139538009,0.043091478,0.000102567,0.000103978,0.000102567,0.000102567,0.547432919,0.093694719,0.000102567,0.000102567,0.079114439,0.096511623,3
ACTGTCTTCTTTAGAA-1,0.221406462,0.047596958,0.000125624,0.000139419,0.029521056,0.000109304,0.418866599,0.104124355,0.000109304,0.000109304,0.050256632,0.127634982,2
ACTGTGCTAGTAGATC-1,0.129484141,0.037855806,0.000112144,0.000212548,0.000112144,0.000112144,0.444485286,0.090246874,0.000122809,0.000122564,0.073990131,0.223143408,2
ACTTAGTACGACAAGA-1,0.137877342,0.030062233,0.000185899,0.000124994,0.000177334,0.000103497,0.515846536,0.084766006,0.000144171,0.000103497,0.045649468,0.184959023,2
ACTTATACTTACCCGG-1,0.181968414,0.005122178,6.37E-05,0.000195038,6.37E-05,6.37E-05,0.522821878,0.233901144,6.37E-05,6.37E-05,0.055401554,0.000271501,1
ACTTATTAGGATCGGT-1,0.296685551,0.012444909,0.09301615,0.020196831,9.89E-05,9.89E-05,0.228299887,0.072805781,0.00014383,9.89E-05,0.090169933,0.185940509,2
ACTTATTTATGTGCCA-1,0.154099497,0.086414869,0.036921881,0.000123542,9.32E-05,6.74E-05,0.252239389,0.342768829,0.004525073,6.74E-05,0.051425987,0.071252862,1
ACTTCAGGCTGATCCC-1,0.28472246,7.02E-05,7.02E-05,0.02608545,0.000118262,7.02E-05,0.289091353,0.203828409,7.02E-05,0.028384715,0.066756548,0.10073219,1
ACTTCGCCATACGCAC-1,0.076211589,0.00328356,9.59E-05,9.59E-05,9.59E-05,9.59E-05,0.590263994,0.069239855,9.59E-05,0.000769321,0.075844154,0.183907845,3
ACTTGACTCCCTCTTT-1,0.219543812,0.04388141,7.10E-05,0.000379618,7.10E-05,7.10E-05,0.389677969,0.228501139,7.10E-05,7.10E-05,0.083821887,0.033839135,1
ACTTGCCATATTGTAC-1,0.215633945,0.038146446,6.75E-05,7.19E-05,8.38E-05,8.49E-05,0.434891105,0.137607767,0.015539674,0.0081912,0.079612155,0.070069691,2
ACTTGGGACCCGGTGG-1,0.102966979,0.01700994,0.002115129,7.10E-05,0.053423688,7.10E-05,0.131943299,0.038666136,0.012182367,0.005558085,0.119596357,0.516395944,4
ACTTTCCTATAGCTTC-1,0.090940113,0.061128987,0.005003612,0.000131013,9.89E-05,9.89E-05,0.360609866,0.091983142,9.89E-05,0.031948348,0.041944371,0.316013949,4
ACTTTGACTGCATCCT-1,0.181333275,0.045745433,0.006102469,0.089522359,0.056492234,0.000147489,0.235834949,0.059711138,0.000147489,0.00951487,0.080829127,0.234619169,2
AGAACGTGGTACATTC-1,0.103514771,0.026521236,0.00015482,9.75E-05,0.000119149,9.75E-05,0.314034548,0.056739539,0.03098894,9.75E-05,0.088105831,0.379528703,4
AGAAGGTTGCCGAATT-1,0.281782326,0.044126026,0.001615909,0.000103225,0.000103225,0.000103225,0.414123314,0.054118985,0.000103225,0.005556679,0.042895003,0.15536886,2
AGAAGTGATTCGTGAT-1,0.206177808,0.076340225,0.000146863,0.000140153,0.015049202,0.035575417,0.249919035,0.060162327,0.000425332,0.000140153,0.064017106,0.291906379,2
AGAATTGTTTGACATA-1,0.163347416,0.009184977,0.105794848,0.000155014,0.000155014,0.000171394,0.395728135,0.087002746,0.027131907,0.000155014,0.09479397,0.116379564,2
AGACATAGATCCTTCC-1,0.23270439,0.069365118,0.00011089,0.00011089,0.000125659,0.00011089,0.346681537,0.141078281,0.041650749,0.026377634,0.026576643,0.115107319,2
AGACCATGGGATACAA-1,0.136210035,0.028836867,0.000102869,0.000103304,0.000193411,0.000102869,0.665260096,0.073543315,0.000102869,0.000108663,0.029402772,0.066032932,3
AGACCCACCGCTGATC-1,0.206722154,0.00796702,6.49E-05,0.000348352,6.49E-05,0.019767797,0.431382919,0.172178279,6.49E-05,6.49E-05,0.086365428,0.075008593,1
AGACCCGCCCTCCTCG-1,0.07749412,0.022451861,6.61E-05,6.61E-05,0.005676788,0.005633209,0.610564236,0.097933564,0.001308014,0.013474114,0.062680777,0.102651077,3
AGACGACGATGCCGCT-1,0.140083611,0.010141488,6.63E-05,0.071901109,8.84E-05,6.63E-05,0.315792244,0.069592554,0.000236211,7.32E-05,0.07696426,0.314994312,4
AGACTAGCCTTCCAGA-1,0.164357476,0.02984638,0.077480093,9.24E-05,9.72E-05,9.24E-05,0.244885837,0.137845626,0.004380693,9.24E-05,0.108437558,0.232391831,4
AGACTGTTACCGGGTC-1,0.221395832,0.072087098,0.000103194,0.000103194,0.000225022,0.000103194,0.309475174,0.197756005,0.000103194,0.02846615,0.078882716,0.091299229,1
AGAGAACCGTCTAGGA-1,0.175625047,0.063887702,8.93E-05,0.127133397,8.93E-05,8.93E-05,0.256890613,0.107098869,0.070203414,8.93E-05,0.111308393,0.087495415,2
AGAGAAGGAGTACAAT-1,0.279154429,0.055742202,0.000101957,0.068260124,0.000101957,0.000101957,0.280287366,0.078872063,0.000101957,0.032129447,0.052030081,0.15311646,2
AGAGATCTCTAAAGCG-1,0.224156508,0.025141021,0.093009899,0.000205124,0.029446045,0.000143856,0.359633874,0.101187569,0.000143856,0.000143856,0.065404338,0.101384055,2
AGAGCAGTTATGAGAC-1,0.159540828,0.005864321,0.045904872,9.13E-05,0.021042435,7.02E-05,0.478377754,0.086302181,7.55E-05,7.02E-05,0.039751412,0.162908987,2
AGAGCGTACAAGCTCG-1,0.120125442,0.087544591,7.58E-05,0.000116925,8.81E-05,6.78E-05,0.651510973,0.060274779,6.78E-05,7.05E-05,0.038229888,0.041827591,3
AGAGGTATCTCGGTCC-1,0.344826249,0.030034946,0.015035187,0.000133413,0.000106992,0.004556581,0.373305435,0.077208087,0.009819722,0.000106607,0.112124952,0.032741831,2
AGATAACTTCAGGGCC-1,0.14499423,0.008767555,0.000100671,0.000100671,0.000100671,0.000100671,0.613747438,0.059606173,0.000100671,0.001525792,0.029777862,0.141077595,3
AGATACCGGTGTTCAC-1,0.199990107,0.060173122,9.81E-05,0.00024417,9.81E-05,9.81E-05,0.513807803,0.074028061,9.81E-05,9.81E-05,0.053856463,0.097409716,3
AGATACGACTTCATAT-1,0.181725672,0.060930049,0.098592319,0.00010138,0.02201298,0.00010138,0.320802796,0.086278142,0.00010138,0.043608354,0.063056667,0.122688879,2
AGATACTCAAGATCGA-1,0.225414601,0.043030979,9.65E-05,0.0001881,9.65E-05,9.65E-05,0.345885068,0.180568549,9.65E-05,9.65E-05,0.03614275,0.168287616,1
AGATCTCAGGTGTGAT-1,0.048597648,0.036612877,6.62E-05,6.62E-05,0.00011169,6.62E-05,0.363564294,0.055448995,0.002420513,0.008431494,0.095069322,0.389544561,4
